AD;42.546245;1.6015540000000001;622
AE;23.424076;53.847818000000004;3736
AF;33.93911;67.709953;555
AG;17.060816;-61.796428000000006;21
AI;18.220554;-63.068615;3
AL;41.153332;20.168331;433
AM;40.069099;45.038189;967
AO;-11.202691999999999;17.873887;19
AR;-38.416097;-63.616671999999994;2137
AT;47.516231;14.550072;13807
AU;-25.274398;133.775136;6289
AW;12.52111;-69.968338;92
AZ;40.143105;47.576927000000005;1058
BA;43.915886;17.679076000000002;948
BB;13.193887;-59.543198;68
BD;23.684994;90.35633100000001;482
BE;50.503887;4.469936;28018
BF;12.238333;-1.561593;484
BG;42.733883;25.48583;661
BH;25.930414000000003;50.637772;1040
BI;-3.3730559999999996;29.918885999999997;5
BJ;9.30769;2.315834;35
BM;32.321384;-64.75737;50
BN;4.535277;114.72766899999999;136
BO;-16.290154;-63.588653;300
BR;-14.235004;-51.92528;20727
BS;25.03428;-77.39628;46
BT;27.514162;90.433601;5
BW;-22.328474;24.684866;13
BY;53.709807;27.953389;2226
BZ;17.189877;-88.49765;13
CA;56.130366;-106.34677099999999;23301
CD;-4.038333000000001;21.758664000000003;234
CF;6.611111;20.939444;11
CG;-0.228021;15.827658999999999;60
CH;46.818188;8.227511999999999;24820
CI;7.539989;-5.54708;533
CL;-35.675146999999996;-71.542969;6927
CM;7.369722;12.354722;820
CN;35.86166;104.195397;83097
CO;4.570868;-74.297333;2709
CR;9.748917;-83.753428;577
CU;21.521757;-77.78116700000001;620
CV;16.002082;-24.013197;8
CY;35.126413;33.429859;616
CZ;49.817492;15.472961999999999;5902
DE;51.165690999999995;10.451526;120479
DJ;11.825138;42.590275;187
DK;56.26392;9.501785;5996
DM;15.414999;-61.370976;16
DO;18.735692999999998;-70.162651;2759
DZ;28.033886;1.6596259999999998;1825
EC;-1.8312389999999998;-78.183406;7257
EE;58.595271999999994;25.013607;1304
EG;26.820553000000004;30.802497999999996;1939
ER;15.179383999999999;39.782334000000006;34
ES;40.463667;-3.7492199999999998;161852
ET;9.145;40.489672999999996;69
FI;61.92411;25.748151;2905
FJ;-16.578193;179.414413;16
FK;-51.796253;-59.523613;5
FO;61.892635;-6.9118059999999995;184
FR;46.227638;2.213749;93790
GA;-0.803689;11.609444;49
GD;12.262775999999999;-61.604170999999994;14
GE;42.315407;43.356891999999995;242
GG;49.465691;-2.5852779999999997;209
GH;7.946527000000001;-1.0231940000000002;408
GI;36.137741;-5.345374;129
GL;71.706936;-42.604303;11
GM;13.443182;-15.310139000000001;9
GN;9.945587;-9.696645;250
GQ;1.6508009999999997;10.267895;18
GT;15.783470999999999;-90.23075899999999;153
GU;13.444304;144.793731;133
GW;11.803749;-15.180413;38
GY;4.860416000000001;-58.93018000000001;45
HN;15.199998999999998;-86.241905;393
HR;45.1;15.2;1534
HT;18.971187;-72.28521500000001;33
HU;47.162494;19.503304;1410
ID;-0.789275;113.921327;3842
IE;53.41291;-8.243889999999999;8928
IL;31.046051000000002;34.851612;10743
IM;54.236107;-4.548056;226
IN;20.593684;78.96288;8356
IQ;33.223191;43.679291;1318
IR;32.427908;53.68804599999999;70029
IS;64.96305100000001;-19.020835;1689
IT;41.87194;12.56738;152271
JE;49.214439;-2.13125;198
JM;18.109581;-77.297508;69
JO;30.585164000000002;36.238414;381
JP;36.204824;138.252924;6748
KE;-0.023559;37.906193;191
KG;41.20438;74.766098;377
KH;12.565679;104.990963;122
KN;17.357822;-62.782998;12
KR;35.907757000000004;127.766922;10512
KW;29.311659999999996;47.481766;1154
KY;19.513469;-80.566956;53
KZ;48.019573;66.923684;880
LA;19.856270000000002;102.495496;18
LB;33.854721000000005;35.862285;619
LC;13.909444;-60.97889300000001;15
LI;47.166000000000004;9.555373;80
LK;7.873054;80.77179699999999;199
LR;6.4280550000000005;-9.429499;48
LT;55.169438;23.881275;1053
LU;49.815273;6.129583;3270
LV;56.879635;24.603189;630
LY;26.3351;17.228331;25
MA;31.791702;-7.09262;1545
MC;43.750298;7.412841;92
MD;47.411631;28.369884999999996;1560
ME;42.708678000000006;19.37439;263
MG;-18.766947000000002;46.869107;102
MK;41.608635;21.745275;760
ML;17.570692;-3.9961660000000006;105
MM;21.913965;95.956223;31
MN;46.862496;103.84665600000001;16
MP;17.33083;145.38468999999998;11
MR;21.00789;-10.940835;7
MS;16.742498;-62.187366000000004;9
MT;35.937496;14.375416;370
MU;-20.348404000000002;57.552152;319
MV;3.202778;73.22068;19
MW;-13.254307999999998;34.301525;12
MX;23.634501;-102.552784;4219
MY;4.210483999999999;101.97576600000001;4530
MZ;-18.665695;35.529562;20
NC;-20.904304999999997;165.618042;18
NE;17.607789;8.081666;491
NG;9.081999;8.675277000000001;318
NI;12.865416;-85.207229;8
NL;52.132633;5.291266;24413
NO;60.472024;8.468946;6320
NP;28.394857000000002;84.12400799999999;9
NZ;-40.900557;174.88597099999998;1049
OM;21.512583;55.923255000000005;546
PA;8.537981;-80.782127;3234
PE;-9.189967;-75.015152;6848
PF;-17.679742;-149.40684299999998;51
PG;-6.314993;143.95555;2
PH;12.879721;121.77401699999999;4428
PK;30.375321000000003;69.345116;5038
PL;51.919438;19.145135999999997;6356
PR;18.220833;-66.590149;788
PS;31.952162;35.233154;268
PT;39.399871999999995;-8.224454;15987
PY;-23.442503;-58.44383199999999;134
QA;25.354826;51.183884;2728
RO;45.943160999999996;24.96676;5990
RS;44.016521000000004;21.005859;3380
RU;61.52401;105.31875600000001;13584
RW;-1.940278;29.873888;120
SA;23.885942;45.079162;4033
SC;-4.679574;55.491977;10
SD;12.862807;30.217636;19
SE;60.128161;18.643501;10151
SG;1.352083;103.819836;2299
SI;46.151241;14.995463;1188
SK;48.669026;19.699023999999998;728
SL;8.460555000000001;-11.779889;10
SM;43.94236;12.457777;356
SN;14.497401000000002;-14.452361999999999;278
SO;5.152149;46.199616;21
SR;3.9193050000000005;-56.02778299999999;10
ST;0.18636;6.613081;4
SV;13.794185;-88.89653;118
SY;34.802075;38.996815000000005;25
SZ;-26.522503000000004;31.465866;14
TC;21.694025;-71.797928;9
TD;15.454166;18.732207;11
TG;8.619543;0.824782;76
TH;15.870032;100.992541;2551
TL;-8.874217;125.727539;2
TN;33.886917;9.537499;685
TR;38.963745;35.243322;52167
TT;10.691803;-61.222503;112
TW;23.69781;120.96051499999999;385
TZ;-6.369028;34.888822;32
UA;48.379433;31.16558;2511
UG;1.373333;32.290275;53
US;37.09024;-95.712891;529951
UY;-32.522779;-55.765834999999996;501
UZ;41.377491;64.585262;796
VA;41.902916;12.453389;8
VC;12.984305;-61.287228000000006;12
VE;6.42375;-66.58973;175
VG;18.420695000000002;-64.63996800000001;3
VI;18.335765;-64.896335;51
VN;14.058323999999999;108.277199;258
XK;42.602636;20.902977;283
YE;15.552726999999999;48.516388;1
ZA;-30.559482;22.937506;2028
ZM;-13.133897;27.849332;40
ZW;-19.015438;29.154857;14
